rand_4p_4m_30000d: 1.82471333599824
rand_4p_4m_3000d: 0.21886810999785666
rand_4p_5m_30000d: 4.043422627000837
rand_5p_4m_3000d: 0.0038534220002475195
rand_5p_5m_30000d: 11.549758278000809
